[16, 64, 224, 224]
[16, 64, 224, 224]
[16, 64, 224, 224]
[16, 64, 112, 112]
[16, 128, 112, 112]
[16, 128, 112, 112]
[16, 128, 112, 112]
[16, 128, 112, 112]
[16, 128, 56, 56]
[16, 256, 56, 56]
[16, 256, 56, 56]
[16, 256, 56, 56]
[16, 256, 56, 56]
[16, 256, 56, 56]
[16, 256, 56, 56]
[16, 256, 28, 28]
[16, 512, 28, 28]
[16, 512, 28, 28]
[16, 512, 28, 28]
[16, 512, 28, 28]
[16, 512, 28, 28]
[16, 512, 28, 28]
[16, 512, 14, 14]
[16, 512, 14, 14]
[16, 512, 14, 14]
[16, 512, 14, 14]
[16, 512, 14, 14]
[16, 512, 14, 14]
[16, 512, 14, 14]
[16, 512, 7, 7]
[16, 4096]
[16, 4096]
[16, 4096]
[16, 4096]
[16, 4096]
[16, 4096]
[16, 1000]