2.414886951446533203e-01
6.913232803344726562e-02
2.130079269409179688e-02
1.096649169921875000e-01
2.098965644836425781e-02
2.026653289794921875e-02
4.645085334777832031e-02
2.065563201904296875e-02
3.686594963073730469e-02
2.182102203369140625e-02
2.166700363159179688e-02
4.086828231811523438e-02
2.495861053466796875e-02
3.956604003906250000e-02
2.490949630737304688e-02
4.210042953491210938e-02
2.550244331359863281e-02
2.570319175720214844e-02
4.066419601440429688e-02
2.381658554077148438e-02
4.100775718688964844e-02
2.379751205444335938e-02
4.256033897399902344e-02
2.508807182312011719e-02
2.750635147094726562e-02
4.792118072509765625e-02
2.863454818725585938e-02
5.070352554321289062e-02
2.804803848266601562e-02
4.920268058776855469e-02
2.996253967285156250e-02
5.452179908752441406e-02
2.398729324340820312e-02
2.279162406921386719e-02
2.965378761291503906e-02
2.377891540527343750e-02
2.202105522155761719e-02
3.183174133300781250e-02