1.116547107696533203e+00
1.203616857528686523e+00
1.294610047340393066e+01
1.419256472587585449e+01
1.403880786895751953e+01
1.378554749488830566e+01
4.315389156341552734e+00
6.685926437377929688e+00
6.865990161895751953e+00
6.575562715530395508e+00
7.163537263870239258e+00
5.854175090789794922e-01
3.388803005218505859e+00
3.642058849334716797e+00
3.433840513229370117e+00
3.557674646377563477e+00
3.614486694335937500e+00
3.736382484436035156e+00
4.219095706939697266e-01
4.534192085266113281e-01
7.408919334411621094e-01
5.085744857788085938e-01
4.212772846221923828e-01
2.765276432037353516e-01
2.555973529815673828e-01
2.520213127136230469e-01
9.488463401794433594e-02
1.372878551483154297e-01
1.061372756958007812e-01
1.350727081298828125e-01
1.023511886596679688e-01
3.914749622344970703e-01
4.296708106994628906e-02
5.673265457153320312e-02
8.335614204406738281e-02
5.988287925720214844e-02
4.460938453674316406e+00
2.165799140930175781e-01